donors_choose
Sigma = 0.1: 0.00027747505313702897
Sigma = 0.25: 0.0036350579019065582
